observations: 58179
iter      cost      cost_change  |gradient|   |step|    tr_ratio  tr_radius  ls_iter  iter_time  total_time
   0  1.181214e+05    0.00e+00    1.63e+06   0.00e+00   0.00e+00  1.00e+04        0    5.35e-02    1.30e-01
   1  6.439954e+04    5.37e+04    1.97e+05   0.00e+00   9.82e-01  3.00e+04        1    3.33e-01    4.63e-01
   2  6.590581e+04   -1.51e+03    1.97e+05   3.63e+02  -6.16e-01  1.50e+04        1    2.26e-01    6.89e-01
   3  6.251790e+04    1.88e+03    2.61e+06   2.50e+02   8.82e-01  2.70e+04        1    2.72e-01    9.62e-01
   4  6.661328e+04   -4.10e+03    2.61e+06   2.40e+02  -5.00e+00  1.35e+04        1    2.31e-01    1.19e+00
   5  6.224803e+04    2.70e+02    5.09e+06   1.50e+02   4.12e-01  1.34e+04        1    2.41e-01    1.43e+00
   6  6.172809e+04    5.20e+02    2.53e+06   1.16e+02   8.74e-01  2.31e+04        1    2.58e-01    1.69e+00
   7  6.262706e+04   -8.99e+02    2.53e+06   1.52e+02  -3.48e+00  1.15e+04        1    2.00e-01    1.89e+00
   8  6.160781e+04    1.20e+02    2.82e+06   8.66e+01   6.34e-01  1.18e+04        1    2.35e-01    2.13e+00
   9  6.150710e+04    1.01e+02    2.69e+06   7.87e+01   6.67e-01  1.22e+04        1    2.52e-01    2.38e+00
  10  6.148517e+04    2.19e+01    4.16e+06   7.36e+01   1.94e-01  9.95e+03        1    3.05e-01    2.68e+00
  11  6.138652e+04    9.86e+01    2.79e+06   5.56e+01   7.48e-01  1.13e+04        1    2.88e-01    2.97e+00
  12  6.138634e+04    1.82e-01    4.62e+06   5.81e+01   2.57e-03  5.71e+03        1    2.98e-01    3.27e+00
  13  6.130460e+04    8.17e+01    1.45e+06   2.83e+01   9.32e-01  1.61e+04        1    3.07e-01    3.58e+00
  14  6.159927e+04   -2.95e+02    1.45e+06   7.09e+01  -6.62e+00  8.07e+03        1    2.28e-01    3.81e+00
  15  6.129927e+04    5.33e+00    3.02e+06   3.76e+01   1.98e-01  6.61e+03        1    3.05e-01    4.11e+00
  16  6.127145e+04    2.78e+01    2.12e+06   2.94e+01   7.50e-01  7.55e+03        1    2.96e-01    4.41e+00
  17  6.125553e+04    1.59e+01    2.21e+06   3.19e+01   6.33e-01  7.69e+03        1    2.76e-01    4.68e+00
  18  6.123330e+04    2.22e+01    7.95e+05   3.09e+01   9.37e-01  2.30e+04        1    3.57e-01    5.04e+00
  19  6.119756e+04    3.57e+01    1.96e+05   8.12e+01   9.86e-01  6.90e+04        1    3.08e-01    5.35e+00
  20  6.161331e+04   -4.16e+02    1.96e+05   1.85e+02  -6.27e+00  3.45e+04        1    2.45e-01    5.59e+00
  21  6.121690e+04   -1.93e+01    1.96e+05   1.04e+02  -4.91e-01  8.63e+03        1    2.40e-01    5.83e+00
  22  6.118619e+04    1.14e+01    5.20e+05   2.90e+01   9.38e-01  2.59e+04        1    3.01e-01    6.13e+00
  23  6.163393e+04   -4.48e+02    5.20e+05   7.75e+01  -1.51e+01  1.29e+04        1    2.43e-01    6.38e+00
  24  6.121035e+04   -2.42e+01    5.20e+05   4.08e+01  -1.47e+00  3.24e+03        1    2.51e-01    6.63e+00
  25  6.118145e+04    4.74e+00    3.42e+05   1.07e+01   9.36e-01  9.61e+03        1    2.67e-01    6.89e+00
  26  6.116970e+04    1.18e+01    1.59e+05   3.03e+01   9.96e-01  2.88e+04        1    2.77e-01    7.17e+00
  27  6.131135e+04   -1.42e+02    1.59e+05   8.10e+01  -5.00e+00  1.44e+04        1    2.88e-01    7.46e+00
  28  6.116727e+04    2.43e+00    2.38e+06   4.26e+01   1.57e-01  1.09e+04        1    3.18e-01    7.78e+00
  29  6.118853e+04   -2.13e+01    2.38e+06   3.08e+01  -8.92e-01  5.45e+03        1    2.88e-01    8.07e+00
  30  6.115558e+04    1.17e+01    1.56e+06   1.57e+01   6.27e-01  5.55e+03        1    3.37e-01    8.40e+00
  31  6.114339e+04    1.22e+01    1.43e+05   1.56e+01   9.97e-01  1.66e+04        1    2.96e-01    8.70e+00
  32  6.112900e+04    1.44e+01    1.83e+05   4.41e+01   9.94e-01  4.99e+04        1    3.37e-01    9.04e+00
  33  6.180029e+04   -6.71e+02    1.83e+05   1.15e+02  -2.00e+01  2.50e+04        1    3.02e-01    9.34e+00
  34  6.117098e+04   -4.20e+01    1.83e+05   6.12e+01  -2.25e+00  6.24e+03        1    2.26e-01    9.56e+00
  35  6.112410e+04    4.90e+00    3.75e+05   1.61e+01   9.27e-01  1.65e+04        1    2.55e-01    9.82e+00
  36  6.112882e+04   -4.72e+00    3.75e+05   4.04e+01  -3.71e-01  8.25e+03        1    2.38e-01    1.01e+01
  37  6.111880e+04    5.31e+00    7.78e+05   2.06e+01   7.73e-01  9.84e+03        1    3.27e-01    1.04e+01
  38  6.112149e+04   -2.70e+00    7.78e+05   2.39e+01  -3.03e-01  4.92e+03        1    2.41e-01    1.06e+01
  39  6.111472e+04    4.07e+00    6.62e+05   1.21e+01   7.61e-01  5.73e+03        1    2.55e-01    1.09e+01
  40  6.110941e+04    5.32e+00    2.47e+05   1.38e+01   9.73e-01  1.72e+04        1    2.52e-01    1.11e+01
  41  6.110556e+04    3.84e+00    1.54e+06   3.98e+01   3.32e-01  1.66e+04        1    2.83e-01    1.14e+01
  42  6.217835e+04   -1.07e+03    1.54e+06   3.67e+01  -5.90e+01  8.28e+03        1    2.76e-01    1.17e+01
  43  6.128105e+04   -1.75e+02    1.54e+06   1.86e+01  -1.32e+01  2.07e+03        1    2.57e-01    1.19e+01
  44  6.110268e+04    2.88e+00    1.57e+06   4.72e+00   3.11e-01  1.97e+03        1    2.40e-01    1.22e+01
  45  6.109547e+04    7.21e+00    4.32e+05   4.44e+00   9.51e-01  5.90e+03        1    2.54e-01    1.24e+01
  46  6.109305e+04    2.42e+00    8.10e+05   1.31e+01   5.90e-01  5.93e+03        1    2.92e-01    1.27e+01
  47  6.108985e+04    3.21e+00    8.38e+05   1.30e+01   6.04e-01  5.98e+03        1    2.86e-01    1.30e+01
  48  6.108724e+04    2.60e+00    1.07e+06   1.29e+01   4.63e-01  5.98e+03        1    2.57e-01    1.33e+01
  49  6.108444e+04    2.81e+00    1.10e+06   1.28e+01   4.35e-01  5.97e+03        1    2.92e-01    1.36e+01
  50  6.108260e+04    1.84e+00    1.40e+06   1.25e+01   2.65e-01  5.41e+03        1    2.91e-01    1.39e+01

Solver Summary (v 2.2.0-eigen-(3.4.0)-lapack-suitesparse-(7.8.2)-metis-(5.1.0)-eigensparse-cuda-(12020))

                                     Original                  Reduced
Parameter blocks                        13483                    13483
Parameters                              42411                    42411
Residual blocks                         58179                    58179
Residuals                              116358                   116358

Minimizer                        TRUST_REGION
Trust region strategy     LEVENBERG_MARQUARDT
Sparse linear algebra library    SUITE_SPARSE 

                                        Given                     Used
Linear solver          SPARSE_NORMAL_CHOLESKY   SPARSE_NORMAL_CHOLESKY
Threads                                    64                       64
Linear solver ordering              AUTOMATIC                    13483

Cost:
Initial                          1.181214e+05
Final                            6.108260e+04
Change                           5.703880e+04

Minimizer iterations                       51
Successful steps                           35
Unsuccessful steps                         16

Time (in seconds):
Preprocessor                         0.076141

  Residual only evaluation           0.318557 (50)
  Jacobian & residual evaluation     1.221854 (35)
  Linear solver                     11.658359 (50)
Minimizer                           13.787986

Postprocessor                        0.001774
Total                               13.865901

Termination:                   NO_CONVERGENCE (Maximum number of iterations reached. Number of iterations: 50.)

