observations: 16351
iter      cost      cost_change  |gradient|   |step|    tr_ratio  tr_radius  ls_iter  iter_time  total_time
   0  3.120773e+04    0.00e+00    7.32e+05   0.00e+00   0.00e+00  1.00e+04        0    9.60e-03    3.47e-02
   1  1.951109e+04    1.17e+04    1.80e+05   0.00e+00   9.62e-01  3.00e+04        1    6.39e-02    9.96e-02
   2  1.890286e+04    6.08e+02    5.38e+05   1.35e+03   4.69e-01  3.00e+04        1    4.61e-02    1.46e-01
   3  1.801921e+04    8.84e+02    2.67e+05   1.10e+03   8.25e-01  4.13e+04        1    4.47e-02    1.91e-01
   4  1.771822e+04    3.01e+02    2.51e+05   1.18e+03   6.66e-01  4.29e+04        1    4.42e-02    2.35e-01
   5  1.747146e+04    2.47e+02    1.44e+05   9.88e+02   8.24e-01  5.90e+04        1    4.40e-02    2.79e-01
   6  1.735049e+04    1.21e+02    1.41e+05   1.04e+03   7.44e-01  6.67e+04        1    4.39e-02    3.23e-01
   7  1.725446e+04    9.60e+01    1.04e+05   9.01e+02   8.58e-01  1.05e+05        1    4.40e-02    3.67e-01
   8  1.719909e+04    5.54e+01    1.14e+05   9.95e+02   7.94e-01  1.32e+05        1    4.51e-02    4.12e-01
   9  1.715346e+04    4.56e+01    9.68e+04   8.85e+02   9.27e-01  3.50e+05        1    4.38e-02    4.56e-01
  10  1.715032e+04    3.14e+00    3.25e+05   1.23e+03   6.92e-02  2.13e+05        1    4.37e-02    5.00e-01
  11  1.708518e+04    6.51e+01    9.75e+04   7.86e+02   9.95e-01  6.40e+05        1    4.37e-02    5.44e-01
  12  2.199520e+04   -4.91e+03    9.75e+04   6.92e+02  -1.09e+02  3.20e+05        1    3.95e-02    5.83e-01
  13  1.727796e+04   -1.93e+02    9.75e+04   4.76e+02  -6.22e+00  8.00e+04        1    3.72e-02    6.21e-01
  14  1.707400e+04    1.12e+01    2.56e+04   1.96e+02   8.93e-01  1.55e+05        1    4.36e-02    6.64e-01
  15  1.705990e+04    1.41e+01    5.96e+04   3.72e+02   9.62e-01  4.65e+05        1    4.42e-02    7.08e-01
  16  1.717522e+04   -1.15e+02    5.96e+04   7.08e+02  -4.02e+00  2.33e+05        1    3.68e-02    7.45e-01
  17  1.704778e+04    1.21e+01    1.25e+05   4.35e+02   6.46e-01  2.39e+05        1    4.29e-02    7.88e-01
  18  1.702457e+04    2.32e+01    1.20e+05   3.94e+02   9.52e-01  7.16e+05        1    4.43e-02    8.33e-01
  19  1.723028e+04   -2.06e+02    1.20e+05   7.66e+02  -5.96e+00  3.58e+05        1    3.63e-02    8.69e-01
  20  1.701479e+04    9.78e+00    2.39e+05   4.60e+02   3.96e-01  3.55e+05        1    4.28e-02    9.12e-01
  21  1.698450e+04    3.03e+01    2.41e+05   3.92e+02   7.80e-01  4.30e+05        1    4.40e-02    9.56e-01
  22  1.696740e+04    1.71e+01    3.21e+05   4.12e+02   4.93e-01  4.30e+05        1    4.42e-02    1.00e+00
  23  1.693380e+04    3.36e+01    2.95e+05   3.71e+02   7.77e-01  5.18e+05        1    4.39e-02    1.04e+00
  24  1.690727e+04    2.65e+01    3.26e+05   3.89e+02   7.16e-01  5.63e+05        1    4.36e-02    1.09e+00
  25  1.688162e+04    2.56e+01    2.74e+05   3.47e+02   7.35e-01  6.28e+05        1    4.36e-02    1.13e+00
  26  1.686428e+04    1.73e+01    2.22e+05   3.07e+02   7.54e-01  7.23e+05        1    4.36e-02    1.18e+00
  27  1.685226e+04    1.20e+01    1.73e+05   2.64e+02   8.17e-01  9.71e+05        1    4.36e-02    1.22e+00
  28  1.684543e+04    6.82e+00    1.43e+05   2.35e+02   7.49e-01  1.11e+06        1    4.35e-02    1.26e+00
  29  1.683979e+04    5.64e+00    8.54e+04   1.68e+02   8.99e-01  2.25e+06        1    4.36e-02    1.31e+00
  30  1.683872e+04    1.07e+00    7.70e+04   1.53e+02   3.16e-01  2.14e+06        1    4.35e-02    1.35e+00
  31  1.683495e+04    3.77e+00    2.74e+04   7.88e+01   1.01e+00  6.43e+06        1    4.48e-02    1.39e+00
  32  1.685074e+04   -1.58e+01    2.74e+04   6.67e+01  -1.52e+01  3.21e+06        1    3.62e-02    1.43e+00
  33  1.683440e+04    5.51e-01    6.61e+04   5.75e+01   6.74e-01  3.36e+06        1    4.40e-02    1.47e+00
  34  1.683371e+04    6.89e-01    3.70e+04   3.46e+01   1.00e+00  1.01e+07        1    4.38e-02    1.52e+00
  35  1.683408e+04   -3.72e-01    3.70e+04   3.08e+01  -9.53e-01  5.03e+06        1    3.62e-02    1.55e+00
  36  1.683349e+04    2.25e-01    4.46e+04   2.57e+01   8.21e-01  6.85e+06        1    4.34e-02    1.60e+00
  37  1.683329e+04    1.93e-01    2.61e+04   1.87e+01   9.14e-01  1.59e+07        1    4.34e-02    1.64e+00

Solver Summary (v 2.2.0-eigen-(3.4.0)-lapack-suitesparse-(7.8.2)-metis-(5.1.0)-eigensparse-cuda-(12020))

                                     Original                  Reduced
Parameter blocks                         3496                     3496
Parameters                              10872                    10872
Residual blocks                         16351                    16351
Residuals                               32702                    32702

Minimizer                        TRUST_REGION
Trust region strategy     LEVENBERG_MARQUARDT
Sparse linear algebra library    SUITE_SPARSE 

                                        Given                     Used
Linear solver          SPARSE_NORMAL_CHOLESKY   SPARSE_NORMAL_CHOLESKY
Threads                                    64                       64
Linear solver ordering              AUTOMATIC                     3496

Cost:
Initial                          3.120773e+04
Final                            1.683329e+04
Change                           1.437444e+04

Minimizer iterations                       38
Successful steps                           32
Unsuccessful steps                          6

Time (in seconds):
Preprocessor                         0.025110

  Residual only evaluation           0.053607 (38)
  Jacobian & residual evaluation     0.214393 (32)
  Linear solver                      1.307914 (38)
Minimizer                            1.653141

Postprocessor                        0.000251
Total                                1.678503

Termination:                      CONVERGENCE (Function tolerance reached. |cost_change|/cost: 4.320545e-07 <= 1.000000e-06)

