observations: 536967
iter      cost      cost_change  |gradient|   |step|    tr_ratio  tr_radius  ls_iter  iter_time  total_time
   0  1.392558e+06    0.00e+00    1.77e+07   0.00e+00   0.00e+00  1.00e+04        0    3.88e-01    1.88e+00
   1  1.028071e+06    3.64e+05    1.27e+06   0.00e+00   9.90e-01  3.00e+04        1    6.72e+00    8.60e+00
   2  1.017655e+06    1.04e+04    1.63e+06   1.34e+03   7.48e-01  3.42e+04        1    6.05e+00    1.47e+01
   3  1.009968e+06    7.69e+03    1.18e+06   9.80e+02   9.52e-01  1.03e+05        1    6.06e+00    2.07e+01
   4  1.005290e+06    4.68e+03    6.08e+06   1.61e+03   9.49e-01  3.08e+05        1    6.19e+00    2.69e+01
   5  1.008733e+06   -3.44e+03    6.08e+06   2.31e+03  -1.10e+00  1.54e+05        1    5.99e+00    3.29e+01
   6  1.003128e+06    2.16e+03    9.29e+06   1.53e+03   8.69e-01  2.57e+05        1    6.04e+00    3.89e+01
   7  1.001897e+06    1.23e+03    1.46e+07   1.65e+03   8.47e-01  3.86e+05        1    5.99e+00    4.49e+01
   8  1.001452e+06    4.46e+02    1.40e+07   1.56e+03   6.20e-01  3.92e+05        1    6.00e+00    5.09e+01
   9  1.001067e+06    3.85e+02    6.18e+06   1.08e+03   7.87e-01  4.83e+05        1    6.09e+00    5.70e+01
  10  1.000922e+06    1.45e+02    3.69e+06   7.89e+02   6.69e-01  5.02e+05        1    6.07e+00    6.31e+01
  11  1.000836e+06    8.65e+01    1.73e+06   5.54e+02   6.03e-01  5.07e+05        1    6.01e+00    6.91e+01
  12  1.000766e+06    7.00e+01    9.03e+05   4.46e+02   6.60e-01  5.24e+05        1    6.09e+00    7.52e+01
  13  1.000714e+06    5.13e+01    5.79e+05   4.01e+02   7.26e-01  5.77e+05        1    6.16e+00    8.13e+01
  14  1.000676e+06    3.83e+01    4.80e+05   3.92e+02   8.48e-01  8.70e+05        1    6.14e+00    8.75e+01
  15  1.000647e+06    2.89e+01    7.69e+05   5.04e+02   8.03e-01  1.12e+06        1    6.06e+00    9.35e+01
  16  1.000621e+06    2.63e+01    9.65e+05   5.54e+02   7.55e-01  1.29e+06        1    5.90e+00    9.94e+01
  17  1.000596e+06    2.50e+01    1.02e+06   5.43e+02   7.77e-01  1.55e+06        1    6.11e+00    1.06e+02
  18  1.000575e+06    2.10e+01    1.18e+06   5.51e+02   7.31e-01  1.72e+06        1    6.17e+00    1.12e+02
  19  1.000555e+06    1.99e+01    1.16e+06   5.18e+02   7.51e-01  1.98e+06        1    6.21e+00    1.18e+02
  20  1.000538e+06    1.71e+01    1.25e+06   5.02e+02   7.18e-01  2.15e+06        1    5.97e+00    1.24e+02
  21  1.000522e+06    1.60e+01    1.36e+06   4.67e+02   7.26e-01  2.37e+06        1    5.91e+00    1.30e+02
  22  1.000508e+06    1.40e+01    1.50e+06   4.43e+02   6.96e-01  2.53e+06        1    5.97e+00    1.36e+02
  23  1.000495e+06    1.28e+01    1.52e+06   4.11e+02   6.86e-01  2.66e+06        1    5.92e+00    1.42e+02
  24  1.000484e+06    1.07e+01    1.49e+06   3.94e+02   6.09e-01  2.69e+06        1    6.16e+00    1.48e+02
  25  1.000476e+06    8.79e+00    1.34e+06   3.78e+02   5.22e-01  2.69e+06        1    6.41e+00    1.54e+02
  26  1.000472e+06    3.57e+00    1.17e+06   4.21e+02   2.14e-01  2.27e+06        1    6.41e+00    1.61e+02
  27  1.000485e+06   -1.34e+01    1.17e+06   4.19e+02  -6.40e-01  1.13e+06        1    5.82e+00    1.66e+02
  28  1.000479e+06   -6.88e+00    1.17e+06   3.52e+02  -3.81e-01  2.83e+05        1    5.87e+00    1.72e+02
  29  1.000467e+06    5.13e+00    2.21e+04   2.53e+02   3.39e-01  2.74e+05        1    6.06e+00    1.78e+02
  30  1.000464e+06    3.26e+00    1.08e+04   1.86e+02   3.44e-01  2.66e+05        1    6.07e+00    1.85e+02
  31  1.000462e+06    1.51e+00    9.97e+03   1.70e+02   2.26e-01  2.28e+05        1    6.00e+00    1.91e+02

Solver Summary (v 2.2.0-eigen-(3.4.0)-lapack-suitesparse-(7.8.2)-metis-(5.1.0)-eigensparse-cuda-(12020))

                                     Original                  Reduced
Parameter blocks                        83542                    83542
Parameters                             255072                   255072
Residual blocks                        536967                   536967
Residuals                             1073934                  1073934

Minimizer                        TRUST_REGION
Trust region strategy     LEVENBERG_MARQUARDT
Sparse linear algebra library    SUITE_SPARSE 

                                        Given                     Used
Linear solver          SPARSE_NORMAL_CHOLESKY   SPARSE_NORMAL_CHOLESKY
Threads                                    64                       64
Linear solver ordering              AUTOMATIC                    83542

Cost:
Initial                          1.392558e+06
Final                            1.000462e+06
Change                           3.920956e+05

Minimizer iterations                       32
Successful steps                           29
Unsuccessful steps                          3

Time (in seconds):
Preprocessor                         1.497080

  Residual only evaluation           1.663017 (32)
  Jacobian & residual evaluation     7.575331 (29)
  Linear solver                    181.760826 (32)
Minimizer                          194.766769

Postprocessor                        0.014585
Total                              196.278434

Termination:                      CONVERGENCE (Function tolerance reached. |cost_change|/cost: 8.147800e-07 <= 1.000000e-06)

