observations: 39651
iter      cost      cost_change  |gradient|   |step|    tr_ratio  tr_radius  ls_iter  iter_time  total_time
   0  8.911535e+04    0.00e+00    2.83e+06   0.00e+00   0.00e+00  1.00e+04        0    2.09e-02    6.67e-02
   1  4.919902e+04    3.99e+04    3.84e+05   0.00e+00   9.98e-01  3.00e+04        1    1.73e-01    2.41e-01
   2  4.830553e+04    8.93e+02    1.23e+05   8.94e+03   1.00e+00  9.00e+04        1    1.22e-01    3.62e-01
   3  4.767376e+04    6.32e+02    6.60e+05   1.13e+04   8.04e-01  1.16e+05        1    1.30e-01    4.93e-01
   4  4.710544e+04    5.68e+02    7.21e+05   1.25e+04   9.09e-01  2.56e+05        1    1.31e-01    6.24e-01
   5  4.695341e+04    1.52e+02    1.39e+06   1.98e+04   3.49e-01  2.49e+05        1    1.33e-01    7.57e-01
   6  4.656916e+04    3.84e+02    7.89e+05   2.68e+04   8.48e-01  3.77e+05        1    1.45e-01    9.02e-01
   7  4.647654e+04    9.26e+01    7.75e+05   5.57e+04   5.18e-01  3.77e+05        1    1.40e-01    1.04e+00
   8  4.636015e+04    1.16e+02    4.29e+05   9.94e+04   8.11e-01  4.97e+05        1    1.38e-01    1.18e+00
   9  4.631816e+04    4.20e+01    3.65e+05   1.79e+05   6.06e-01  5.01e+05        1    1.39e-01    1.32e+00
  10  4.627595e+04    4.22e+01    2.11e+05   2.12e+05   7.56e-01  5.79e+05        1    1.41e-01    1.46e+00
  11  4.625155e+04    2.44e+01    1.56e+05   2.14e+05   6.70e-01  6.03e+05        1    1.40e-01    1.60e+00
  12  4.622933e+04    2.22e+01    1.44e+05   1.87e+05   7.68e-01  7.13e+05        1    1.38e-01    1.74e+00
  13  4.621381e+04    1.55e+01    1.48e+05   1.92e+05   7.40e-01  8.02e+05        1    1.40e-01    1.88e+00
  14  4.619930e+04    1.45e+01    9.90e+04   1.87e+05   8.27e-01  1.11e+06        1    1.34e-01    2.01e+00
  15  4.618798e+04    1.13e+01    6.14e+04   2.15e+05   7.42e-01  1.26e+06        1    1.31e-01    2.14e+00
  16  4.617650e+04    1.15e+01    5.75e+04   2.07e+05   7.87e-01  1.55e+06        1    1.32e-01    2.28e+00
  17  4.616733e+04    9.17e+00    6.14e+04   2.25e+05   7.05e-01  1.67e+06        1    1.35e-01    2.41e+00
  18  4.615805e+04    9.28e+00    6.51e+04   2.20e+05   7.69e-01  1.97e+06        1    1.32e-01    2.54e+00
  19  4.615124e+04    6.81e+00    9.96e+04   2.43e+05   6.85e-01  2.08e+06        1    1.29e-01    2.67e+00
  20  4.614487e+04    6.38e+00    1.14e+05   2.41e+05   7.27e-01  2.29e+06        1    1.33e-01    2.81e+00
  21  4.614056e+04    4.30e+00    1.41e+05   2.47e+05   6.14e-01  2.32e+06        1    1.29e-01    2.93e+00
  22  4.613664e+04    3.92e+00    1.44e+05   2.30e+05   6.19e-01  2.35e+06        1    1.30e-01    3.06e+00
  23  4.613362e+04    3.02e+00    1.48e+05   2.15e+05   5.60e-01  2.35e+06        1    1.41e-01    3.20e+00
  24  4.613102e+04    2.60e+00    1.47e+05   1.99e+05   5.32e-01  2.36e+06        1    1.36e-01    3.34e+00
  25  4.612875e+04    2.27e+00    1.46e+05   1.86e+05   5.06e-01  2.36e+06        1    1.35e-01    3.48e+00
  26  4.612670e+04    2.04e+00    1.44e+05   1.74e+05   4.88e-01  2.36e+06        1    1.39e-01    3.61e+00
  27  4.612482e+04    1.88e+00    1.42e+05   1.65e+05   4.76e-01  2.36e+06        1    1.40e-01    3.75e+00
  28  4.612306e+04    1.77e+00    1.40e+05   1.57e+05   4.69e-01  2.35e+06        1    1.26e-01    3.88e+00
  29  4.612138e+04    1.68e+00    1.38e+05   1.50e+05   4.67e-01  2.35e+06        1    1.26e-01    4.01e+00
  30  4.611977e+04    1.61e+00    1.36e+05   1.45e+05   4.67e-01  2.35e+06        1    1.30e-01    4.14e+00
  31  4.611822e+04    1.55e+00    1.33e+05   1.40e+05   4.69e-01  2.35e+06        1    1.31e-01    4.27e+00
  32  4.611672e+04    1.50e+00    1.31e+05   1.35e+05   4.73e-01  2.35e+06        1    1.32e-01    4.40e+00
  33  4.611527e+04    1.45e+00    1.29e+05   1.32e+05   4.78e-01  2.35e+06        1    1.40e-01    4.54e+00
  34  4.611386e+04    1.41e+00    1.26e+05   1.28e+05   4.83e-01  2.35e+06        1    1.30e-01    4.67e+00
  35  4.611249e+04    1.37e+00    1.24e+05   1.25e+05   4.90e-01  2.35e+06        1    1.29e-01    4.80e+00
  36  4.611115e+04    1.34e+00    1.21e+05   1.22e+05   4.97e-01  2.35e+06        1    1.26e-01    4.93e+00
  37  4.610984e+04    1.30e+00    1.19e+05   1.20e+05   5.04e-01  2.35e+06        1    1.29e-01    5.05e+00
  38  4.610857e+04    1.27e+00    1.16e+05   1.18e+05   5.12e-01  2.35e+06        1    1.33e-01    5.19e+00
  39  4.610733e+04    1.24e+00    1.14e+05   1.16e+05   5.20e-01  2.35e+06        1    1.28e-01    5.32e+00
  40  4.610612e+04    1.21e+00    1.12e+05   1.14e+05   5.29e-01  2.35e+06        1    1.40e-01    5.46e+00
  41  4.610493e+04    1.18e+00    1.09e+05   1.12e+05   5.38e-01  2.35e+06        1    1.34e-01    5.59e+00
  42  4.610377e+04    1.16e+00    1.07e+05   1.10e+05   5.46e-01  2.36e+06        1    1.31e-01    5.72e+00
  43  4.610264e+04    1.13e+00    1.05e+05   1.09e+05   5.55e-01  2.36e+06        1    1.30e-01    5.85e+00
  44  4.610154e+04    1.11e+00    1.03e+05   1.07e+05   5.63e-01  2.36e+06        1    1.31e-01    5.98e+00
  45  4.610046e+04    1.08e+00    1.01e+05   1.06e+05   5.70e-01  2.37e+06        1    1.31e-01    6.11e+00
  46  4.609940e+04    1.06e+00    9.99e+04   1.05e+05   5.77e-01  2.38e+06        1    1.36e-01    6.25e+00
  47  4.609836e+04    1.04e+00    9.85e+04   1.04e+05   5.84e-01  2.39e+06        1    1.25e-01    6.37e+00
  48  4.609734e+04    1.02e+00    9.73e+04   1.03e+05   5.90e-01  2.40e+06        1    1.36e-01    6.51e+00
  49  4.609635e+04    9.99e-01    9.64e+04   1.02e+05   5.95e-01  2.42e+06        1    1.32e-01    6.64e+00
  50  4.609536e+04    9.83e-01    9.56e+04   1.02e+05   6.00e-01  2.44e+06        1    1.32e-01    6.77e+00

Solver Summary (v 2.2.0-eigen-(3.4.0)-lapack-suitesparse-(7.8.2)-metis-(5.1.0)-eigensparse-cuda-(12020))

                                     Original                  Reduced
Parameter blocks                         3809                     3809
Parameters                              12423                    12423
Residual blocks                         39651                    39651
Residuals                               79302                    79302

Minimizer                        TRUST_REGION
Trust region strategy     LEVENBERG_MARQUARDT
Sparse linear algebra library    SUITE_SPARSE 

                                        Given                     Used
Linear solver          SPARSE_NORMAL_CHOLESKY   SPARSE_NORMAL_CHOLESKY
Threads                                    64                       64
Linear solver ordering              AUTOMATIC                     3809

Cost:
Initial                          8.911535e+04
Final                            4.609536e+04
Change                           4.301998e+04

Minimizer iterations                       51
Successful steps                           51
Unsuccessful steps                          0

Time (in seconds):
Preprocessor                         0.045765

  Residual only evaluation           0.159369 (50)
  Jacobian & residual evaluation     0.773132 (51)
  Linear solver                      5.544697 (50)
Minimizer                            6.728275

Postprocessor                        0.000578
Total                                6.774618

Termination:                   NO_CONVERGENCE (Maximum number of iterations reached. Number of iterations: 50.)

