observations: 151704
iter      cost      cost_change  |gradient|   |step|    tr_ratio  tr_radius  ls_iter  iter_time  total_time
   0  3.699194e+05    0.00e+00    5.89e+05   0.00e+00   0.00e+00  1.00e+04        0    1.24e-01    3.25e-01
   1  2.363537e+05    1.34e+05    4.37e+05   0.00e+00   9.70e-01  3.00e+04        1    1.01e+00    1.34e+00
   2  2.317644e+05    4.59e+03    3.99e+06   1.37e+03   5.72e-01  3.01e+04        1    7.33e-01    2.07e+00
   3  2.310755e+05    6.89e+02    1.05e+07   7.69e+02   1.51e-01  2.25e+04        1    6.94e-01    2.77e+00
   4  2.278075e+05    3.27e+03    2.69e+06   4.43e+02   7.61e-01  2.62e+04        1    6.93e-01    3.46e+00
   5  2.272722e+05    5.35e+02    6.90e+05   3.89e+02   4.28e-01  2.61e+04        1    7.13e-01    4.17e+00
   6  2.266282e+05    6.44e+02    1.13e+05   3.03e+02   7.46e-01  2.96e+04        1    7.32e-01    4.90e+00
   7  2.302697e+05   -3.64e+03    1.13e+05   2.72e+02  -1.11e+01  1.48e+04        1    6.33e-01    5.54e+00
   8  2.272098e+05   -5.82e+02    1.13e+05   1.54e+02  -2.05e+00  3.70e+03        1    6.21e-01    6.16e+00
   9  2.263960e+05    2.32e+02    2.40e+03   4.51e+01   9.67e-01  1.11e+04        1    6.85e-01    6.84e+00
  10  2.263421e+05    5.38e+01    1.54e+04   1.16e+02   1.01e+00  3.33e+04        1    6.96e-01    7.54e+00
  11  2.262561e+05    8.61e+01    1.28e+05   2.67e+02   9.05e-01  7.12e+04        1    6.97e-01    8.24e+00
  12  2.264404e+05   -1.84e+02    1.28e+05   3.76e+02  -1.48e+00  3.56e+04        1    6.34e-01    8.87e+00
  13  2.262421e+05    1.40e+01    6.93e+04   2.27e+02   1.73e-01  2.78e+04        1    6.79e-01    9.55e+00
  14  2.314373e+05   -5.20e+03    6.93e+04   1.54e+02  -4.65e+01  1.39e+04        1    5.88e-01    1.01e+01
  15  2.273667e+05   -1.12e+03    6.93e+04   8.50e+01  -1.21e+01  3.48e+03        1    5.96e-01    1.07e+01
  16  2.261875e+05    5.46e+01    3.47e+03   2.40e+01   7.23e-01  3.82e+03        1    6.90e-01    1.14e+01
  17  2.261602e+05    2.73e+01    1.01e+03   2.49e+01   1.00e+00  1.15e+04        1    7.50e-01    1.22e+01
  18  2.261433e+05    1.69e+01    6.96e+03   6.77e+01   9.48e-01  3.44e+04        1    7.01e-01    1.29e+01
  19  2.261079e+05    3.54e+01    6.10e+04   1.64e+02   8.50e-01  5.23e+04        1    7.26e-01    1.36e+01
  20  2.284255e+05   -2.32e+03    6.10e+04   1.93e+02  -4.61e+01  2.61e+04        1    6.46e-01    1.42e+01
  21  2.266812e+05   -5.73e+02    6.10e+04   1.10e+02  -1.81e+01  6.53e+03        1    6.27e-01    1.49e+01
  22  2.261035e+05    4.44e+00    2.49e+03   3.19e+01   3.18e-01  6.23e+03        1    7.32e-01    1.56e+01
  23  2.260880e+05    1.55e+01    1.02e+03   2.92e+01   9.81e-01  1.87e+04        1    6.90e-01    1.63e+01
  24  2.260713e+05    1.67e+01    1.06e+04   7.75e+01   9.95e-01  5.61e+04        1    6.90e-01    1.70e+01
  25  2.260436e+05    2.77e+01    7.13e+04   1.77e+02   7.71e-01  6.67e+04        1    6.86e-01    1.77e+01
  26  2.313840e+05   -5.34e+03    7.13e+04   1.63e+02  -1.38e+02  3.34e+04        1    6.00e-01    1.83e+01
  27  2.276961e+05   -1.65e+03    7.13e+04   9.39e+01  -6.32e+01  8.34e+03        1    6.25e-01    1.89e+01
  28  2.260695e+05   -2.59e+01    7.13e+04   2.78e+01  -1.87e+00  1.04e+03        1    8.19e-01    1.97e+01
  29  2.260342e+05    9.34e+00    1.21e+03   4.51e+00   1.00e+00  3.13e+03        1    6.94e-01    2.04e+01
  30  2.260327e+05    1.48e+00    9.60e+02   1.11e+01   7.30e-01  3.46e+03        1    7.27e-01    2.11e+01
  31  2.260302e+05    2.51e+00    9.35e+02   1.19e+01   1.01e+00  1.04e+04        1    7.03e-01    2.18e+01
  32  2.260247e+05    5.48e+00    1.94e+03   3.27e+01   1.01e+00  3.12e+04        1    7.09e-01    2.25e+01
  33  2.260110e+05    1.37e+01    1.56e+04   8.31e+01   1.00e+00  9.35e+04        1    7.58e-01    2.33e+01
  34  2.259883e+05    2.27e+01    1.35e+05   1.74e+02   8.06e-01  1.21e+05        1    7.48e-01    2.41e+01
  35  2.263905e+05   -4.02e+02    1.35e+05   1.60e+02  -1.44e+01  6.06e+04        1    6.42e-01    2.47e+01
  36  2.261054e+05   -1.17e+02    1.35e+05   9.59e+01  -6.27e+00  1.52e+04        1    6.09e-01    2.53e+01
  37  2.259830e+05    5.28e+00    1.59e+03   2.99e+01   5.45e-01  1.52e+04        1    7.11e-01    2.60e+01
  38  2.259784e+05    4.62e+00    2.35e+03   2.84e+01   5.83e-01  1.52e+04        1    7.27e-01    2.67e+01
  39  2.259746e+05    3.78e+00    2.18e+03   2.68e+01   5.75e-01  1.53e+04        1    6.91e-01    2.74e+01
  40  2.259751e+05   -5.25e-01    2.18e+03   2.55e+01  -8.93e-02  7.65e+03        1    5.92e-01    2.80e+01
  41  2.259709e+05    3.71e+00    1.20e+03   1.33e+01   8.56e-01  1.20e+04        1    6.66e-01    2.87e+01
  42  2.259680e+05    2.86e+00    1.48e+03   1.98e+01   9.85e-01  3.60e+04        1    6.53e-01    2.93e+01
  43  2.259625e+05    5.49e+00    1.02e+04   5.09e+01   8.83e-01  6.52e+04        1    6.61e-01    3.00e+01
  44  2.259952e+05   -3.26e+01    1.02e+04   7.54e+01  -3.28e+00  3.26e+04        1    6.19e-01    3.06e+01
  45  2.259668e+05   -4.27e+00    1.02e+04   4.19e+01  -7.43e-01  8.15e+03        1    5.83e-01    3.12e+01
  46  2.259607e+05    1.87e+00    1.02e+03   1.17e+01   8.85e-01  1.50e+04        1    6.64e-01    3.19e+01
  47  2.259582e+05    2.51e+00    1.99e+03   2.04e+01   1.00e+00  4.49e+04        1    6.68e-01    3.25e+01
  48  2.259522e+05    6.01e+00    1.29e+04   5.20e+01   1.00e+00  1.35e+05        1    6.61e-01    3.32e+01
  49  2.259408e+05    1.14e+01    1.73e+05   1.14e+02   8.60e-01  2.16e+05        1    6.71e-01    3.39e+01
  50  2.262441e+05   -3.03e+02    1.73e+05   1.33e+02  -2.04e+01  1.08e+05        1    5.71e-01    3.44e+01

Solver Summary (v 2.2.0-eigen-(3.4.0)-lapack-suitesparse-(7.8.2)-metis-(5.1.0)-eigensparse-cuda-(12020))

                                     Original                  Reduced
Parameter blocks                        45150                    45150
Parameters                             140880                   140880
Residual blocks                        151704                   151704
Residuals                              303408                   303408

Minimizer                        TRUST_REGION
Trust region strategy     LEVENBERG_MARQUARDT
Sparse linear algebra library    SUITE_SPARSE 

                                        Given                     Used
Linear solver          SPARSE_NORMAL_CHOLESKY   SPARSE_NORMAL_CHOLESKY
Threads                                    64                       64
Linear solver ordering              AUTOMATIC                    45150

Cost:
Initial                          3.699194e+05
Final                            2.259408e+05
Change                           1.439787e+05

Minimizer iterations                       51
Successful steps                           35
Unsuccessful steps                         16

Time (in seconds):
Preprocessor                         0.201582

  Residual only evaluation           0.694061 (50)
  Jacobian & residual evaluation     2.761749 (35)
  Linear solver                     29.346692 (50)
Minimizer                           34.244224

Postprocessor                        0.004062
Total                               34.449869

Termination:                   NO_CONVERGENCE (Maximum number of iterations reached. Number of iterations: 50.)

