observations: 170443
iter      cost      cost_change  |gradient|   |step|    tr_ratio  tr_radius  ls_iter  iter_time  total_time
   0  4.080890e+05    0.00e+00    5.42e+05   0.00e+00   0.00e+00  1.00e+04        0    1.15e-01    3.57e-01
   1  2.386685e+05    1.69e+05    3.24e+05   0.00e+00   9.78e-01  3.00e+04        1    1.76e+00    2.11e+00
   2  2.363777e+05    2.29e+03    5.58e+05   1.78e+03   2.59e-01  2.70e+04        1    1.56e+00    3.67e+00
   3  2.296242e+05    6.75e+03    1.71e+05   1.11e+03   8.26e-01  3.74e+04        1    1.54e+00    5.22e+00
   4  2.275539e+05    2.07e+03    1.17e+05   1.11e+03   8.11e-01  4.92e+04        1    1.53e+00    6.75e+00
   5  2.265985e+05    9.55e+02    8.95e+04   1.00e+03   7.37e-01  5.51e+04        1    1.49e+00    8.24e+00
   6  2.259347e+05    6.64e+02    1.02e+05   8.34e+02   7.72e-01  6.56e+04        1    1.51e+00    9.75e+00
   7  2.255405e+05    3.94e+02    1.32e+05   8.66e+02   7.06e-01  7.05e+04        1    1.53e+00    1.13e+01
   8  2.252483e+05    2.92e+02    1.30e+05   9.61e+02   7.23e-01  7.74e+04        1    1.51e+00    1.28e+01
   9  2.250535e+05    1.95e+02    1.26e+05   1.14e+03   6.93e-01  8.21e+04        1    1.49e+00    1.43e+01
  10  2.249074e+05    1.46e+02    1.09e+05   1.29e+03   7.13e-01  8.90e+04        1    1.49e+00    1.58e+01
  11  2.248050e+05    1.02e+02    9.46e+04   1.48e+03   7.06e-01  9.57e+04        1    1.48e+00    1.73e+01
  12  2.247288e+05    7.62e+01    7.76e+04   1.65e+03   7.29e-01  1.06e+05        1    1.48e+00    1.87e+01
  13  2.246753e+05    5.35e+01    6.43e+04   1.89e+03   7.33e-01  1.18e+05        1    1.51e+00    2.02e+01
  14  2.246364e+05    3.88e+01    5.09e+04   2.15e+03   7.57e-01  1.36e+05        1    1.50e+00    2.17e+01
  15  2.246097e+05    2.67e+01    4.09e+04   2.54e+03   7.64e-01  1.60e+05        1    1.47e+00    2.32e+01
  16  2.245909e+05    1.88e+01    3.08e+04   3.02e+03   7.91e-01  1.99e+05        1    1.50e+00    2.47e+01
  17  2.245784e+05    1.25e+01    2.31e+04   3.80e+03   7.97e-01  2.52e+05        1    1.48e+00    2.62e+01
  18  2.245699e+05    8.53e+00    1.53e+04   4.85e+03   8.13e-01  3.34e+05        1    1.47e+00    2.77e+01
  19  2.245640e+05    5.89e+00    9.10e+03   6.47e+03   8.44e-01  4.95e+05        1    1.48e+00    2.91e+01
  20  2.245622e+05    1.78e+00    9.54e+03   9.60e+03   3.32e-01  4.77e+05        1    1.48e+00    3.06e+01
  21  2.245574e+05    4.79e+00    4.52e+03   9.27e+03   7.35e-01  5.32e+05        1    1.58e+00    3.22e+01
  22  2.246089e+05   -5.14e+01    4.52e+03   1.03e+04  -8.68e+00  2.66e+05        1    1.51e+00    3.37e+01
  23  2.245758e+05   -1.84e+01    4.52e+03   5.17e+03  -3.49e+00  6.65e+04        1    1.49e+00    3.52e+01
  24  2.245562e+05    1.21e+00    6.56e+03   1.29e+03   3.04e-01  6.28e+04        1    1.63e+00    3.68e+01
  25  2.245537e+05    2.54e+00    2.76e+03   1.22e+03   8.15e-01  8.38e+04        1    1.72e+00    3.85e+01
  26  2.245534e+05    2.70e-01    5.13e+03   1.63e+03   1.40e-01  6.11e+04        1    1.61e+00    4.01e+01
  27  2.245516e+05    1.77e+00    1.12e+03   1.19e+03   1.01e+00  1.83e+05        1    1.60e+00    4.17e+01
  28  2.245520e+05   -3.85e-01    1.12e+03   3.56e+03  -2.77e-01  9.16e+04        1    1.49e+00    4.32e+01
  29  2.245511e+05    5.46e-01    2.23e+03   1.78e+03   6.37e-01  9.35e+04        1    1.55e+00    4.48e+01
  30  2.245505e+05    6.04e-01    2.42e+02   1.82e+03   1.06e+00  2.80e+05        1    1.60e+00    4.64e+01
  31  2.245501e+05    4.00e-01    5.10e+03   5.45e+03   4.48e-01  2.80e+05        1    1.60e+00    4.80e+01
  32  2.245492e+05    8.50e-01    5.77e+02   5.44e+03   9.93e-01  8.40e+05        1    1.59e+00    4.96e+01
  33  2.245488e+05    4.69e-01    6.17e+03   1.63e+04   4.49e-01  8.40e+05        1    1.59e+00    5.12e+01
  34  2.245478e+05    9.36e-01    1.04e+03   1.63e+04   9.38e-01  2.52e+06        1    1.63e+00    5.28e+01

Solver Summary (v 2.2.0-eigen-(3.4.0)-lapack-suitesparse-(7.8.2)-metis-(5.1.0)-eigensparse-cuda-(12020))

                                     Original                  Reduced
Parameter blocks                        36400                    36400
Parameters                             113472                   113472
Residual blocks                        170443                   170443
Residuals                              340886                   340886

Minimizer                        TRUST_REGION
Trust region strategy     LEVENBERG_MARQUARDT
Sparse linear algebra library    SUITE_SPARSE 

                                        Given                     Used
Linear solver          SPARSE_NORMAL_CHOLESKY   SPARSE_NORMAL_CHOLESKY
Threads                                    64                       64
Linear solver ordering              AUTOMATIC                    36400

Cost:
Initial                          4.080890e+05
Final                            2.245478e+05
Change                           1.835412e+05

Minimizer iterations                       35
Successful steps                           32
Unsuccessful steps                          3

Time (in seconds):
Preprocessor                         0.241598

  Residual only evaluation           0.515338 (35)
  Jacobian & residual evaluation     2.520850 (32)
  Linear solver                     49.921764 (35)
Minimizer                           54.205660

Postprocessor                        0.006138
Total                               54.453396

Termination:                      CONVERGENCE (Function tolerance reached. |cost_change|/cost: 9.466766e-07 <= 1.000000e-06)

