observations: 128472
iter      cost      cost_change  |gradient|   |step|    tr_ratio  tr_radius  ls_iter  iter_time  total_time
   0  3.078922e+05    0.00e+00    8.29e+05   0.00e+00   0.00e+00  1.00e+04        0    8.71e-02    2.42e-01
   1  1.956392e+05    1.12e+05    3.66e+05   0.00e+00   9.68e-01  3.00e+04        1    9.95e-01    1.24e+00
   2  1.904692e+05    5.17e+03    5.17e+05   1.14e+03   8.27e-01  4.17e+04        1    8.21e-01    2.06e+00
   3  1.890177e+05    1.45e+03    6.89e+05   1.28e+03   7.74e-01  4.99e+04        1    8.20e-01    2.88e+00
   4  1.883913e+05    6.26e+02    1.83e+05   9.40e+02   7.66e-01  5.87e+04        1    8.56e-01    3.73e+00
   5  1.881141e+05    2.77e+02    1.58e+06   6.88e+02   6.45e-01  6.02e+04        1    8.36e-01    4.57e+00
   6  1.881408e+05   -2.67e+01    1.58e+06   4.36e+02  -9.46e-02  3.01e+04        1    7.67e-01    5.34e+00
   7  1.878873e+05    2.27e+02    7.41e+05   2.58e+02   9.55e-01  9.02e+04        1    9.08e-01    6.25e+00
   8  1.911827e+05   -3.30e+03    7.41e+05   4.58e+02  -2.57e+01  4.51e+04        1    7.73e-01    7.02e+00
   9  1.879520e+05   -6.46e+01    7.41e+05   2.91e+02  -7.68e-01  1.13e+04        1    7.78e-01    7.80e+00
  10  1.878509e+05    3.64e+01    1.35e+05   9.07e+01   1.00e+00  3.38e+04        1    8.12e-01    8.61e+00
  11  1.878514e+05   -4.73e-01    1.35e+05   2.16e+02  -9.22e-03  1.69e+04        1    7.60e-01    9.37e+00
  12  1.878242e+05    2.67e+01    3.63e+05   1.22e+02   9.22e-01  4.24e+04        1    8.22e-01    1.02e+01
  13  1.879949e+05   -1.71e+02    3.63e+05   2.21e+02  -3.07e+00  2.12e+04        1    7.75e-01    1.10e+01
  14  1.878032e+05    2.10e+01    7.39e+05   1.27e+02   6.49e-01  2.18e+04        1    8.37e-01    1.18e+01
  15  1.877938e+05    9.43e+00    1.04e+06   1.09e+02   2.50e-01  1.94e+04        1    8.56e-01    1.27e+01
  16  1.877931e+05    6.72e-01    1.45e+06   8.28e+01   1.36e-02  1.01e+04        1    8.28e-01    1.35e+01
  17  1.877506e+05    4.25e+01    9.65e+05   3.98e+01   7.12e-01  1.09e+04        1    8.33e-01    1.43e+01
  18  1.877801e+05   -2.95e+01    9.65e+05   4.03e+01  -1.02e+00  5.46e+03        1    7.57e-01    1.51e+01
  19  1.877331e+05    1.75e+01    6.10e+05   2.08e+01   7.53e-01  6.27e+03        1    8.21e-01    1.59e+01
  20  1.877430e+05   -9.82e+00    6.10e+05   2.31e+01  -7.62e-01  3.13e+03        1    8.01e-01    1.67e+01
  21  1.877260e+05    7.10e+00    4.19e+05   1.18e+01   7.50e-01  3.58e+03        1    8.93e-01    1.76e+01
  22  1.877294e+05   -3.36e+00    4.19e+05   1.32e+01  -4.91e-01  1.79e+03        1    7.91e-01    1.84e+01
  23  1.877224e+05    3.61e+00    2.99e+05   6.67e+00   7.71e-01  2.13e+03        1    8.54e-01    1.92e+01
  24  1.877244e+05   -2.01e+00    2.99e+05   7.88e+00  -4.93e-01  1.06e+03        1    7.94e-01    2.00e+01
  25  1.877204e+05    2.00e+00    2.40e+05   3.95e+00   7.62e-01  1.24e+03        1    8.50e-01    2.09e+01
  26  1.877221e+05   -1.66e+00    2.40e+05   4.62e+00  -6.22e-01  6.22e+02        1    7.77e-01    2.17e+01
  27  1.877192e+05    1.26e+00    2.09e+05   2.31e+00   7.44e-01  7.04e+02        1    8.36e-01    2.25e+01
  28  1.877212e+05   -2.05e+00    2.09e+05   2.62e+00  -1.08e+00  3.52e+02        1    7.85e-01    2.33e+01
  29  1.877184e+05    8.14e-01    2.07e+05   1.31e+00   6.79e-01  3.69e+02        1    8.53e-01    2.41e+01
  30  1.877222e+05   -3.88e+00    2.07e+05   1.38e+00  -2.56e+00  1.84e+02        1    8.06e-01    2.49e+01
  31  1.877179e+05    4.46e-01    2.56e+05   6.90e-01   4.53e-01  1.84e+02        1    8.67e-01    2.58e+01
  32  1.877528e+05   -3.48e+01    2.56e+05   7.10e-01  -1.97e+01  9.22e+01        1    8.08e-01    2.66e+01
  33  1.877209e+05   -2.97e+00    2.56e+05   3.53e-01  -2.44e+00  2.30e+01        1    7.93e-01    2.74e+01
  34  1.877173e+05    6.51e-01    1.07e+05   8.75e-02   8.81e-01  4.14e+01        1    8.59e-01    2.83e+01
  35  1.877353e+05   -1.80e+01    1.07e+05   1.72e-01  -1.93e+01  2.07e+01        1    8.02e-01    2.91e+01
  36  1.877188e+05   -1.52e+00    1.07e+05   8.65e-02  -2.75e+00  5.18e+00        1    7.96e-01    2.99e+01

Solver Summary (v 2.2.0-eigen-(3.4.0)-lapack-suitesparse-(7.8.2)-metis-(5.1.0)-eigensparse-cuda-(12020))

                                     Original                  Reduced
Parameter blocks                        33685                    33685
Parameters                             105525                   105525
Residual blocks                        128472                   128472
Residuals                              256944                   256944

Minimizer                        TRUST_REGION
Trust region strategy     LEVENBERG_MARQUARDT
Sparse linear algebra library    SUITE_SPARSE 

                                        Given                     Used
Linear solver          SPARSE_NORMAL_CHOLESKY   SPARSE_NORMAL_CHOLESKY
Threads                                    64                       64
Linear solver ordering              AUTOMATIC                    33685

Cost:
Initial                          3.078922e+05
Final                            1.877173e+05
Change                           1.201750e+05

Minimizer iterations                       37
Successful steps                           21
Unsuccessful steps                         16

Time (in seconds):
Preprocessor                         0.154559

  Residual only evaluation           0.404040 (37)
  Jacobian & residual evaluation     1.250040 (21)
  Linear solver                     28.137516 (37)
Minimizer                           30.497252

Postprocessor                        0.003755
Total                               30.655566

Termination:                      CONVERGENCE (Function tolerance reached. |cost_change|/cost: 9.834340e-07 <= 1.000000e-06)

