observations: 678718
iter      cost      cost_change  |gradient|   |step|    tr_ratio  tr_radius  ls_iter  iter_time  total_time
   0  6.202508e+07    0.00e+00    5.06e+13   0.00e+00   0.00e+00  1.00e+04        0    5.07e-01    1.44e+00
   1  1.016772e+07    5.19e+07    5.02e+12   0.00e+00   8.41e-01  1.47e+04        1    5.97e+00    7.41e+00
   2  7.108085e+18   -7.11e+18    5.02e+12   2.28e+04  -7.26e+11  7.33e+03        1    4.47e+00    1.19e+01
   3  1.020882e+30   -1.02e+30    5.02e+12   1.72e+04  -1.04e+23  1.83e+03        1    4.40e+00    1.63e+01
   4  7.137377e+11   -7.14e+11    5.02e+12   8.71e+03  -7.29e+04  2.29e+02        1    4.42e+00    2.07e+01
   5  1.427739e+11   -1.43e+11    5.02e+12   3.82e+03  -1.46e+04  1.43e+01        1    4.52e+00    2.52e+01
   6  1.300680e+09   -1.29e+09    5.02e+12   1.97e+03  -1.32e+02  4.47e-01        1    4.50e+00    2.97e+01
   7  4.260762e+06    5.91e+06    1.72e+12   8.53e+02   7.18e-01  4.88e-01        1    4.78e+00    3.45e+01
   8  1.653470e+06    2.61e+06    5.58e+11   3.05e+02   7.80e-01  5.93e-01        1    4.96e+00    3.95e+01
   9  8.532455e+05    8.00e+05    1.58e+11   1.53e+02   7.78e-01  7.15e-01        1    5.00e+00    4.45e+01
  10  5.700465e+05    2.83e+05    3.85e+10   1.12e+02   8.35e-01  1.02e+00        1    5.14e+00    4.96e+01
  11  4.519903e+05    1.18e+05    7.66e+09   1.18e+02   9.94e-01  3.07e+00        1    5.00e+00    5.46e+01
  12  4.055858e+05    4.64e+04    2.06e+09   2.28e+02   9.98e-01  9.21e+00        1    5.31e+00    5.99e+01
  13  3.946678e+05    1.09e+04    9.07e+08   3.41e+02   9.93e-01  2.76e+01        1    5.22e+00    6.51e+01
  14  3.895685e+05    5.10e+03    5.23e+08   4.71e+02   9.93e-01  8.29e+01        1    5.19e+00    7.03e+01
  15  3.986631e+05   -9.09e+03    5.23e+08   7.78e+02  -2.68e+00  4.14e+01        1    4.56e+00    7.49e+01
  16  3.939216e+05   -4.35e+03    5.23e+08   4.58e+02  -1.80e+00  1.04e+01        1    4.52e+00    7.94e+01
  17  3.900763e+05   -5.08e+02    5.23e+08   1.44e+02  -5.16e-01  1.30e+00        1    4.53e+00    8.39e+01
  18  3.894470e+05    1.22e+02    2.23e+08   2.13e+01   6.97e-01  1.38e+00        1    4.88e+00    8.88e+01
  19  3.892453e+05    2.02e+02    3.12e+08   2.16e+01   9.60e-01  4.14e+00        1    4.95e+00    9.38e+01
  20  3.889107e+05    3.35e+02    1.18e+08   5.91e+01   7.98e-01  5.26e+00        1    4.90e+00    9.87e+01
  21  3.884270e+05    4.84e+02    2.16e+08   6.89e+01   9.53e-01  1.58e+01        1    4.97e+00    1.04e+02
  22  3.896252e+05   -1.20e+03    2.16e+08   1.78e+02  -1.33e+00  7.88e+00        1    4.62e+00    1.08e+02
  23  3.888184e+05   -3.91e+02    2.16e+08   9.44e+01  -7.50e-01  1.97e+00        1    4.65e+00    1.13e+02
  24  3.884274e+05   -3.93e-01    2.16e+08   2.51e+01  -2.48e-03  2.46e-01        1    4.56e+00    1.17e+02
  25  3.884095e+05    1.75e+01    2.40e+08   3.22e+00   6.44e-01  2.52e-01        1    5.23e+00    1.23e+02
  26  3.883812e+05    2.83e+01    7.83e+07   3.28e+00   8.76e-01  4.40e-01        1    5.02e+00    1.28e+02
  27  3.883496e+05    3.16e+01    7.81e+07   5.68e+00   8.86e-01  8.15e-01        1    5.10e+00    1.33e+02
  28  3.882907e+05    5.89e+01    8.84e+07   1.04e+01   8.36e-01  1.17e+00        1    5.06e+00    1.38e+02
  29  3.882184e+05    7.24e+01    1.41e+08   1.47e+01   7.60e-01  1.36e+00        1    4.92e+00    1.43e+02
  30  3.881149e+05    1.03e+02    8.83e+07   1.68e+01   9.01e-01  2.81e+00        1    4.96e+00    1.48e+02
  31  3.885861e+05   -4.71e+02    8.83e+07   3.36e+01  -2.54e+00  1.41e+00        1    4.59e+00    1.52e+02
  32  3.881694e+05   -5.44e+01    8.83e+07   1.71e+01  -5.52e-01  3.52e-01        1    4.57e+00    1.57e+02
  33  3.880972e+05    1.78e+01    1.48e+08   4.32e+00   6.36e-01  3.59e-01        1    4.90e+00    1.62e+02
  34  3.880662e+05    3.10e+01    1.64e+08   4.39e+00   9.02e-01  7.48e-01        1    4.87e+00    1.67e+02
  35  3.880383e+05    2.79e+01    1.54e+08   9.05e+00   5.35e-01  7.48e-01        1    4.95e+00    1.72e+02
  36  3.879730e+05    6.54e+01    6.71e+07   8.98e+00   9.31e-01  2.07e+00        1    4.89e+00    1.77e+02
  37  3.879119e+05    6.11e+01    7.12e+07   2.43e+01   4.58e-01  2.07e+00        1    5.25e+00    1.82e+02
  38  3.877390e+05    1.73e+02    7.68e+07   2.38e+01   9.30e-01  5.67e+00        1    5.49e+00    1.87e+02
  39  3.875431e+05    1.96e+02    5.66e+07   6.24e+01   6.54e-01  5.84e+00        1    5.39e+00    1.93e+02
  40  3.872173e+05    3.26e+02    6.50e+07   6.17e+01   9.14e-01  1.36e+01        1    5.02e+00    1.98e+02
  41  3.876270e+05   -4.10e+02    6.50e+07   1.33e+02  -8.43e-01  6.78e+00        1    4.99e+00    2.03e+02
  42  3.873315e+05   -1.14e+02    6.50e+07   6.86e+01  -4.18e-01  1.70e+00        1    4.88e+00    2.08e+02
  43  3.872088e+05    8.50e+00    6.16e+07   1.77e+01   9.90e-02  1.12e+00        1    5.03e+00    2.13e+02
  44  3.870973e+05    1.11e+02    8.95e+07   1.16e+01   9.23e-01  2.83e+00        1    5.01e+00    2.18e+02
  45  3.869981e+05    9.93e+01    1.08e+08   2.88e+01   7.88e-01  3.50e+00        1    4.84e+00    2.22e+02
  46  3.868904e+05    1.08e+02    6.18e+07   3.49e+01   7.11e-01  3.78e+00        1    4.73e+00    2.27e+02
  47  3.867643e+05    1.26e+02    6.06e+07   3.69e+01   7.53e-01  4.35e+00        1    4.83e+00    2.32e+02
  48  3.866392e+05    1.25e+02    3.09e+08   4.14e+01   7.24e-01  4.78e+00        1    4.69e+00    2.37e+02
  49  3.865193e+05    1.20e+02    5.50e+07   4.44e+01   6.63e-01  4.95e+00        1    4.81e+00    2.41e+02
  50  3.863651e+05    1.54e+02    6.74e+07   4.49e+01   8.20e-01  6.72e+00        1    4.97e+00    2.46e+02

Solver Summary (v 2.2.0-eigen-(3.4.0)-lapack-suitesparse-(7.8.2)-metis-(5.1.0)-eigensparse-cuda-(12020))

                                     Original                  Reduced
Parameter blocks                       158225                   158225
Parameters                             485013                   485013
Residual blocks                        678718                   678718
Residuals                             1357436                  1357436

Minimizer                        TRUST_REGION
Trust region strategy     LEVENBERG_MARQUARDT
Sparse linear algebra library    SUITE_SPARSE 

                                        Given                     Used
Linear solver          SPARSE_NORMAL_CHOLESKY   SPARSE_NORMAL_CHOLESKY
Threads                                    64                       64
Linear solver ordering              AUTOMATIC                   158225

Cost:
Initial                          6.202508e+07
Final                            3.863651e+05
Change                           6.163871e+07

Minimizer iterations                       51
Successful steps                           36
Unsuccessful steps                         15

Time (in seconds):
Preprocessor                         0.931862

  Residual only evaluation           3.225246 (50)
  Jacobian & residual evaluation    11.196829 (36)
  Linear solver                    224.486960 (50)
Minimizer                          245.521533

Postprocessor                        0.023283
Total                              246.476678

Termination:                   NO_CONVERGENCE (Maximum number of iterations reached. Number of iterations: 50.)

