observations: 225911
iter      cost      cost_change  |gradient|   |step|    tr_ratio  tr_radius  ls_iter  iter_time  total_time
   0  2.456242e+07    0.00e+00    1.43e+08   0.00e+00   0.00e+00  1.00e+04        0    1.56e-01    5.45e-01
   1  1.136317e+05    2.44e+07    2.53e+06   0.00e+00   1.00e+00  3.00e+04        1    1.06e+00    1.60e+00
   2  1.381423e+05   -2.45e+04    2.53e+06   2.75e+03  -1.68e+00  1.50e+04        1    6.40e-01    2.24e+00
   3  1.043340e+05    9.30e+03    8.44e+06   1.47e+03   6.71e-01  1.56e+04        1    7.91e-01    3.03e+00
   4  1.009184e+05    3.42e+03    1.87e+06   1.28e+03   6.50e-01  1.61e+04        1    8.00e-01    3.83e+00
   5  9.919287e+04    1.73e+03    5.25e+05   8.24e+02   7.80e-01  1.95e+04        1    7.96e-01    4.63e+00
   6  9.850332e+04    6.90e+02    1.52e+05   2.68e+03   9.08e-01  4.27e+04        1    7.38e-01    5.37e+00
   7  9.823110e+04    2.72e+02    9.22e+05   7.05e+03   6.56e-01  4.40e+04        1    7.31e-01    6.10e+00
   8  9.794228e+04    2.89e+02    2.80e+05   6.71e+03   8.27e-01  6.11e+04        1    7.25e-01    6.82e+00
   9  9.774770e+04    1.95e+02    5.71e+05   6.72e+03   7.88e-01  7.55e+04        1    7.28e-01    7.55e+00
  10  9.757778e+04    1.70e+02    6.51e+05   4.92e+03   8.25e-01  1.04e+05        1    7.45e-01    8.30e+00
  11  9.743364e+04    1.44e+02    1.10e+06   2.66e+03   8.00e-01  1.32e+05        1    7.23e-01    9.02e+00
  12  9.730377e+04    1.30e+02    1.09e+06   3.12e+02   8.12e-01  1.75e+05        1    7.21e-01    9.74e+00
  13  9.718953e+04    1.14e+02    1.56e+06   3.44e+03   8.01e-01  2.24e+05        1    7.32e-01    1.05e+01
  14  9.708735e+04    1.02e+02    1.56e+06   6.40e+03   8.01e-01  2.86e+05        1    7.30e-01    1.12e+01
  15  9.700059e+04    8.68e+01    2.08e+06   9.06e+03   7.67e-01  3.38e+05        1    7.31e-01    1.19e+01
  16  9.692305e+04    7.75e+01    1.67e+06   1.04e+04   7.96e-01  4.26e+05        1    7.38e-01    1.27e+01
  17  9.686636e+04    5.67e+01    2.97e+06   1.18e+04   7.04e-01  4.57e+05        1    7.58e-01    1.34e+01
  18  9.681051e+04    5.58e+01    1.76e+06   1.11e+04   8.30e-01  6.41e+05        1    7.39e-01    1.42e+01
  19  9.678201e+04    2.85e+01    5.71e+06   1.31e+04   5.62e-01  6.43e+05        1    7.21e-01    1.49e+01
  20  9.674485e+04    3.72e+01    2.27e+06   1.11e+04   7.89e-01  7.96e+05        1    7.17e-01    1.56e+01
  21  9.673812e+04    6.72e+00    5.91e+06   1.17e+04   2.14e-01  6.71e+05        1    7.37e-01    1.63e+01
  22  9.673107e+04    7.05e+00    2.09e+06   8.59e+03   1.91e-01  5.43e+05        1    7.32e-01    1.71e+01
  23  9.673304e+04   -1.97e+00    2.09e+06   6.37e+03  -4.79e-02  2.71e+05        1    6.17e-01    1.77e+01
  24  9.672600e+04    5.08e+00    2.84e+05   3.32e+03   1.35e-01  1.95e+05        1    7.25e-01    1.84e+01
  25  9.673129e+04   -5.29e+00    2.84e+05   2.19e+03  -1.63e-01  9.77e+04        1    6.07e-01    1.90e+01
  26  9.672098e+04    5.01e+00    4.12e+04   1.07e+03   1.61e-01  7.45e+04        1    7.10e-01    1.97e+01
  27  9.671357e+04    7.42e+00    3.24e+04   9.27e+02   2.64e-01  6.74e+04        1    7.37e-01    2.05e+01
  28  9.670723e+04    6.33e+00    2.61e+04   7.33e+02   3.46e-01  6.55e+04        1    7.51e-01    2.12e+01
  29  9.670350e+04    3.73e+00    2.67e+04   7.80e+02   2.91e-01  6.10e+04        1    7.32e-01    2.20e+01
  30  9.670011e+04    3.39e+00    2.30e+04   6.60e+02   4.04e-01  6.06e+04        1    7.41e-01    2.27e+01
  31  9.669815e+04    1.96e+00    2.38e+04   6.97e+02   3.54e-01  5.91e+04        1    7.36e-01    2.34e+01
  32  9.669656e+04    1.59e+00    2.21e+04   6.35e+02   4.41e-01  5.90e+04        1    6.98e-01    2.41e+01
  33  9.669545e+04    1.11e+00    2.27e+04   6.59e+02   4.41e-01  5.89e+04        1    6.75e-01    2.48e+01
  34  9.669454e+04    9.12e-01    2.20e+04   6.27e+02   5.21e-01  5.89e+04        1    7.21e-01    2.55e+01
  35  9.669377e+04    7.76e-01    2.24e+04   6.42e+02   5.71e-01  5.91e+04        1    6.90e-01    2.62e+01
  36  9.669308e+04    6.90e-01    2.20e+04   6.21e+02   6.52e-01  6.08e+04        1    6.94e-01    2.69e+01
  37  9.669242e+04    6.61e-01    2.31e+04   6.48e+02   7.17e-01  6.62e+04        1    6.84e-01    2.76e+01
  38  9.669175e+04    6.66e-01    2.53e+04   6.86e+02   7.87e-01  8.17e+04        1    7.27e-01    2.83e+01
  39  9.669097e+04    7.81e-01    3.42e+04   8.50e+02   8.42e-01  1.20e+05        1    7.46e-01    2.91e+01
  40  9.668989e+04    1.08e+00    6.28e+04   1.22e+03   8.88e-01  2.26e+05        1    8.17e-01    2.99e+01
  41  9.668800e+04    1.89e+00    2.41e+05   2.25e+03   9.18e-01  5.45e+05        1    8.13e-01    3.07e+01
  42  9.668403e+04    3.97e+00    1.61e+06   5.09e+03   9.37e-01  1.64e+06        1    8.25e-01    3.15e+01
  43  9.667593e+04    8.10e+00    2.19e+07   1.32e+04   8.55e-01  2.54e+06        1    8.51e-01    3.24e+01
  44  9.666736e+04    8.57e+00    3.67e+07   1.60e+04   8.14e-01  3.38e+06        1    8.50e-01    3.32e+01
  45  9.666322e+04    4.14e+00    4.39e+07   1.57e+04   4.37e-01  3.37e+06        1    8.13e-01    3.40e+01
  46  9.665985e+04    3.36e+00    2.36e+07   1.14e+04   3.34e-01  3.25e+06        1    8.09e-01    3.49e+01
  47  9.666559e+04   -5.74e+00    2.36e+07   8.29e+03  -5.39e-01  1.63e+06        1    6.74e-01    3.55e+01
  48  9.666305e+04   -3.20e+00    2.36e+07   4.57e+03  -3.41e-01  4.06e+05        1    6.49e-01    3.62e+01
  49  9.666006e+04   -2.05e-01    2.36e+07   1.25e+03  -2.50e-02  5.08e+04        1    6.51e-01    3.68e+01
  50  9.665605e+04    3.80e+00    7.33e+04   1.58e+02   5.17e-01  5.08e+04        1    7.86e-01    3.76e+01

Solver Summary (v 2.2.0-eigen-(3.4.0)-lapack-suitesparse-(7.8.2)-metis-(5.1.0)-eigensparse-cuda-(12020))

                                     Original                  Reduced
Parameter blocks                        65389                    65389
Parameters                             197709                   197709
Residual blocks                        225911                   225911
Residuals                              451822                   451822

Minimizer                        TRUST_REGION
Trust region strategy     LEVENBERG_MARQUARDT
Sparse linear algebra library    SUITE_SPARSE 

                                        Given                     Used
Linear solver          SPARSE_NORMAL_CHOLESKY   SPARSE_NORMAL_CHOLESKY
Threads                                    64                       64
Linear solver ordering              AUTOMATIC                    65389

Cost:
Initial                          2.456242e+07
Final                            9.665605e+04
Change                           2.446577e+07

Minimizer iterations                       51
Successful steps                           45
Unsuccessful steps                          6

Time (in seconds):
Preprocessor                         0.389200

  Residual only evaluation           0.996160 (50)
  Jacobian & residual evaluation     4.653539 (45)
  Linear solver                     29.022382 (50)
Minimizer                           37.223774

Postprocessor                        0.007412
Total                               37.620386

Termination:                   NO_CONVERGENCE (Maximum number of iterations reached. Number of iterations: 50.)

