observations: 64697
iter      cost      cost_change  |gradient|   |step|    tr_ratio  tr_radius  ls_iter  iter_time  total_time
   0  1.682449e+05    0.00e+00    3.34e+05   0.00e+00   0.00e+00  1.00e+04        0    4.20e-02    1.27e-01
   1  1.133447e+05    5.49e+04    1.72e+06   0.00e+00   9.87e-01  3.00e+04        1    4.10e-01    5.38e-01
   2  1.119029e+05    1.44e+03    1.07e+06   2.43e+02   8.85e-01  5.51e+04        1    3.12e-01    8.50e-01
   3  1.116149e+05    2.88e+02    3.63e+04   1.57e+02   9.25e-01  1.43e+05        1    3.21e-01    1.17e+00
   4  1.116840e+05   -6.91e+01    3.63e+04   2.09e+02  -1.11e+00  7.17e+04        1    2.79e-01    1.45e+00
   5  1.115791e+05    3.58e+01    1.24e+05   1.26e+02   6.91e-01  7.59e+04        1    3.07e-01    1.76e+00
   6  1.115936e+05   -1.45e+01    1.24e+05   1.01e+02  -4.84e-01  3.80e+04        1    2.73e-01    2.03e+00
   7  1.115593e+05    1.98e+01    4.25e+04   5.58e+01   8.01e-01  4.85e+04        1    3.20e-01    2.35e+00
   8  1.115493e+05    9.96e+00    8.22e+04   6.25e+01   8.55e-01  7.56e+04        1    3.13e-01    2.66e+00
   9  1.115474e+05    1.88e+00    1.79e+05   7.87e+01   2.14e-01  6.36e+04        1    3.10e-01    2.97e+00
  10  1.115388e+05    8.63e+00    1.05e+05   5.59e+01   7.58e-01  7.38e+04        1    3.14e-01    3.29e+00
  11  1.115353e+05    3.47e+00    1.19e+05   5.61e+01   4.97e-01  7.38e+04        1    3.05e-01    3.59e+00
  12  1.115310e+05    4.35e+00    9.75e+04   4.89e+01   6.20e-01  7.48e+04        1    3.08e-01    3.90e+00
  13  1.115274e+05    3.55e+00    8.35e+04   4.44e+01   6.23e-01  7.59e+04        1    3.14e-01    4.22e+00
  14  1.115244e+05    3.05e+00    7.21e+04   4.10e+01   6.33e-01  7.74e+04        1    3.23e-01    4.54e+00
  15  1.115217e+05    2.66e+00    6.32e+04   3.86e+01   6.40e-01  7.91e+04        1    3.21e-01    4.86e+00
  16  1.115193e+05    2.37e+00    5.61e+04   3.70e+01   6.46e-01  8.11e+04        1    3.03e-01    5.16e+00
  17  1.115172e+05    2.15e+00    5.02e+04   3.59e+01   6.50e-01  8.34e+04        1    3.15e-01    5.48e+00
  18  1.115152e+05    1.97e+00    4.53e+04   3.52e+01   6.53e-01  8.58e+04        1    3.19e-01    5.80e+00
  19  1.115134e+05    1.82e+00    4.11e+04   3.47e+01   6.55e-01  8.85e+04        1    3.14e-01    6.11e+00
  20  1.115117e+05    1.70e+00    3.75e+04   3.45e+01   6.57e-01  9.13e+04        1    3.10e-01    6.42e+00
  21  1.115101e+05    1.60e+00    3.42e+04   3.45e+01   6.58e-01  9.42e+04        1    3.12e-01    6.73e+00
  22  1.115086e+05    1.51e+00    3.13e+04   3.45e+01   6.58e-01  9.73e+04        1    3.16e-01    7.05e+00
  23  1.115072e+05    1.43e+00    2.86e+04   3.47e+01   6.58e-01  1.00e+05        1    3.18e-01    7.37e+00
  24  1.115058e+05    1.37e+00    2.61e+04   3.49e+01   6.58e-01  1.04e+05        1    3.21e-01    7.69e+00
  25  1.115045e+05    1.30e+00    2.38e+04   3.52e+01   6.58e-01  1.07e+05        1    3.16e-01    8.00e+00
  26  1.115032e+05    1.25e+00    2.16e+04   3.55e+01   6.57e-01  1.11e+05        1    3.25e-01    8.33e+00
  27  1.115020e+05    1.20e+00    1.95e+04   3.59e+01   6.57e-01  1.14e+05        1    3.16e-01    8.64e+00
  28  1.115009e+05    1.15e+00    1.76e+04   3.63e+01   6.56e-01  1.18e+05        1    3.18e-01    8.96e+00
  29  1.114998e+05    1.11e+00    1.58e+04   3.68e+01   6.55e-01  1.21e+05        1    3.15e-01    9.28e+00
  30  1.114987e+05    1.07e+00    1.41e+04   3.73e+01   6.54e-01  1.25e+05        1    3.17e-01    9.59e+00
  31  1.114977e+05    1.03e+00    1.25e+04   3.79e+01   6.53e-01  1.29e+05        1    3.20e-01    9.92e+00
  32  1.114967e+05    9.97e-01    1.19e+04   3.85e+01   6.52e-01  1.32e+05        1    3.18e-01    1.02e+01
  33  1.114957e+05    9.62e-01    1.18e+04   3.91e+01   6.51e-01  1.36e+05        1    3.13e-01    1.05e+01
  34  1.114948e+05    9.28e-01    1.18e+04   3.98e+01   6.49e-01  1.40e+05        1    3.13e-01    1.09e+01
  35  1.114939e+05    8.96e-01    1.17e+04   4.06e+01   6.48e-01  1.44e+05        1    3.20e-01    1.12e+01
  36  1.114930e+05    8.64e-01    1.17e+04   4.14e+01   6.46e-01  1.47e+05        1    3.16e-01    1.15e+01
  37  1.114922e+05    8.34e-01    1.16e+04   4.22e+01   6.45e-01  1.51e+05        1    3.14e-01    1.18e+01
  38  1.114914e+05    8.04e-01    1.16e+04   4.32e+01   6.43e-01  1.54e+05        1    3.11e-01    1.21e+01
  39  1.114906e+05    7.75e-01    1.17e+04   4.42e+01   6.41e-01  1.58e+05        1    3.17e-01    1.24e+01
  40  1.114899e+05    7.47e-01    1.18e+04   4.52e+01   6.39e-01  1.62e+05        1    3.47e-01    1.28e+01
  41  1.114891e+05    7.20e-01    1.19e+04   4.64e+01   6.37e-01  1.65e+05        1    3.52e-01    1.31e+01
  42  1.114885e+05    6.93e-01    1.19e+04   4.76e+01   6.35e-01  1.68e+05        1    3.52e-01    1.35e+01
  43  1.114878e+05    6.68e-01    1.20e+04   4.89e+01   6.32e-01  1.71e+05        1    3.55e-01    1.38e+01
  44  1.114871e+05    6.44e-01    1.20e+04   5.02e+01   6.30e-01  1.74e+05        1    3.52e-01    1.42e+01
  45  1.114865e+05    6.20e-01    1.21e+04   5.17e+01   6.27e-01  1.77e+05        1    3.52e-01    1.45e+01
  46  1.114859e+05    5.98e-01    1.21e+04   5.32e+01   6.24e-01  1.80e+05        1    3.48e-01    1.49e+01
  47  1.114853e+05    5.77e-01    1.21e+04   5.48e+01   6.21e-01  1.83e+05        1    3.51e-01    1.52e+01
  48  1.114848e+05    5.57e-01    1.21e+04   5.66e+01   6.18e-01  1.85e+05        1    3.52e-01    1.56e+01
  49  1.114843e+05    5.38e-01    1.21e+04   5.84e+01   6.15e-01  1.87e+05        1    3.50e-01    1.59e+01
  50  1.114837e+05    5.21e-01    1.21e+04   6.04e+01   6.12e-01  1.90e+05        1    3.54e-01    1.63e+01

Solver Summary (v 2.2.0-eigen-(3.4.0)-lapack-suitesparse-(7.8.2)-metis-(5.1.0)-eigensparse-cuda-(12020))

                                     Original                  Reduced
Parameter blocks                        17852                    17852
Parameters                              55278                    55278
Residual blocks                         64697                    64697
Residuals                              129394                   129394

Minimizer                        TRUST_REGION
Trust region strategy     LEVENBERG_MARQUARDT
Sparse linear algebra library    SUITE_SPARSE 

                                        Given                     Used
Linear solver          SPARSE_NORMAL_CHOLESKY   SPARSE_NORMAL_CHOLESKY
Threads                                    64                       64
Linear solver ordering              AUTOMATIC                    17852

Cost:
Initial                          1.682449e+05
Final                            1.114837e+05
Change                           5.676116e+04

Minimizer iterations                       51
Successful steps                           49
Unsuccessful steps                          2

Time (in seconds):
Preprocessor                         0.085330

  Residual only evaluation           0.269049 (50)
  Jacobian & residual evaluation     1.401592 (49)
  Linear solver                     13.930554 (50)
Minimizer                           16.217181

Postprocessor                        0.002065
Total                               16.304577

Termination:                   NO_CONVERGENCE (Maximum number of iterations reached. Number of iterations: 50.)

