observations: 147250
iter      cost      cost_change  |gradient|   |step|    tr_ratio  tr_radius  ls_iter  iter_time  total_time
   0  3.771605e+05    0.00e+00    6.74e+05   0.00e+00   0.00e+00  1.00e+04        0    1.09e-01    3.66e-01
   1  2.540765e+05    1.23e+05    2.76e+05   0.00e+00   9.94e-01  3.00e+04        1    1.22e+00    1.59e+00
   2  2.527120e+05    1.36e+03    9.59e+04   5.96e+02   8.48e-01  4.53e+04        1    1.02e+00    2.61e+00
   3  2.525504e+05    1.62e+02    1.04e+05   4.23e+02   4.26e-01  4.51e+04        1    9.73e-01    3.59e+00
   4  2.523716e+05    1.79e+02    6.71e+04   2.26e+02   6.94e-01  4.80e+04        1    1.03e+00    4.62e+00
   5  2.523412e+05    3.03e+01    7.01e+04   1.51e+02   2.88e-01  4.46e+04        1    1.02e+00    5.64e+00
   6  2.522612e+05    8.00e+01    2.11e+04   8.13e+01   8.53e-01  6.89e+04        1    1.05e+00    6.68e+00
   7  2.522678e+05   -6.64e+00    2.11e+04   7.09e+01  -2.65e-01  3.45e+04        1    9.79e-01    7.66e+00
   8  2.522441e+05    1.71e+01    5.35e+03   5.05e+01   7.54e-01  3.96e+04        1    1.15e+00    8.81e+00
   9  2.522396e+05    4.50e+00    2.64e+03   3.96e+01   4.10e-01  3.94e+04        1    1.13e+00    9.94e+00
  10  2.522352e+05    4.42e+00    1.90e+03   2.90e+01   4.41e-01  3.94e+04        1    1.12e+00    1.11e+01
  11  2.522316e+05    3.65e+00    1.72e+03   2.22e+01   4.38e-01  3.93e+04        1    1.12e+00    1.22e+01
  12  2.522284e+05    3.16e+00    1.25e+03   1.63e+01   4.12e-01  3.91e+04        1    1.14e+00    1.33e+01
  13  2.522291e+05   -7.48e-01    1.25e+03   1.67e+01  -1.07e-01  1.95e+04        1    1.05e+00    1.44e+01
  14  2.522262e+05    2.16e+00    7.93e+02   1.28e+01   3.62e-01  1.91e+04        1    1.08e+00    1.54e+01
  15  2.522245e+05    1.76e+00    9.75e+02   1.35e+01   2.89e-01  1.78e+04        1    1.09e+00    1.65e+01
  16  2.522232e+05    1.24e+00    4.24e+02   1.06e+01   2.45e-01  1.57e+04        1    9.09e-01    1.74e+01
  17  2.522212e+05    1.98e+00    8.81e+02   1.56e+01   3.43e-01  1.53e+04        1    1.00e+00    1.84e+01
  18  2.522197e+05    1.52e+00    1.62e+02   7.50e+00   4.00e-01  1.51e+04        1    9.27e-01    1.94e+01
  19  2.522182e+05    1.52e+00    4.33e+02   1.29e+01   4.57e-01  1.51e+04        1    8.94e-01    2.03e+01
  20  2.522168e+05    1.38e+00    1.48e+02   4.62e+00   6.31e-01  1.54e+04        1    9.10e-01    2.12e+01
  21  2.522155e+05    1.32e+00    1.48e+02   9.58e+00   7.38e-01  1.73e+04        1    9.21e-01    2.21e+01
  22  2.522141e+05    1.38e+00    1.74e+02   3.81e+00   9.85e-01  5.18e+04        1    9.25e-01    2.30e+01
  23  2.522121e+05    1.99e+00    1.30e+03   8.96e+00   1.03e+00  1.55e+05        1    9.18e-01    2.39e+01
  24  2.522098e+05    2.28e+00    1.89e+03   9.30e+00   8.54e-01  2.40e+05        1    9.21e-01    2.49e+01
  25  2.522073e+05    2.56e+00    1.98e+03   7.43e+00   1.09e+00  7.21e+05        1    9.25e-01    2.58e+01
  26  2.522062e+05    1.12e+00    1.76e+05   7.49e+00   9.32e-01  2.04e+06        1    9.48e-01    2.67e+01
  27  2.522059e+05    3.03e-01    9.74e+05   5.32e+00   4.57e-01  2.04e+06        1    9.50e-01    2.77e+01
  28  2.522052e+05    6.59e-01    1.01e+06   3.33e+00   8.98e-01  4.12e+06        1    9.70e-01    2.87e+01

Solver Summary (v 2.2.0-eigen-(3.4.0)-lapack-suitesparse-(7.8.2)-metis-(5.1.0)-eigensparse-cuda-(12020))

                                     Original                  Reduced
Parameter blocks                        28684                    28684
Parameters                              88902                    88902
Residual blocks                        147250                   147250
Residuals                              294500                   294500

Minimizer                        TRUST_REGION
Trust region strategy     LEVENBERG_MARQUARDT
Sparse linear algebra library    SUITE_SPARSE 

                                        Given                     Used
Linear solver          SPARSE_NORMAL_CHOLESKY   SPARSE_NORMAL_CHOLESKY
Threads                                    64                       64
Linear solver ordering              AUTOMATIC                    28684

Cost:
Initial                          3.771605e+05
Final                            2.522052e+05
Change                           1.249553e+05

Minimizer iterations                       29
Successful steps                           27
Unsuccessful steps                          2

Time (in seconds):
Preprocessor                         0.257010

  Residual only evaluation           0.388025 (29)
  Jacobian & residual evaluation     1.947554 (27)
  Linear solver                     25.999540 (29)
Minimizer                           29.249293

Postprocessor                        0.003358
Total                               29.509661

Termination:                      CONVERGENCE (Function tolerance reached. |cost_change|/cost: 9.046410e-07 <= 1.000000e-06)

